p cnf 40 170
-19 -23 -28 0
-8 -10 30 0
13 -38 -39 0
-1 -26 -39 0
-9 23 -33 0
-4 -10 -33 0
-6 19 -31 0
-4 17 22 0
7 32 39 0
11 -27 39 0
-5 -31 33 0
7 32 -34 0
-15 16 28 0
-3 -7 19 0
7 -8 25 0
-26 30 37 0
-11 -28 35 0
-7 -26 -33 0
-9 31 32 0
5 28 -31 0
-5 -20 35 0
-20 -35 36 0
-1 -11 -22 0
5 -23 30 0
3 -21 28 0
-5 -16 26 0
4 -9 26 0
4 -18 -31 0
-11 -26 -36 0
3 -15 23 0
-3 -9 -19 0
-22 -29 -33 0
25 -26 -32 0
1 5 37 0
6 17 23 0
21 25 38 0
-8 11 29 0
13 16 -24 0
15 -28 -35 0
-6 -12 27 0
-5 -6 25 0
-2 -13 33 0
4 -15 33 0
-3 16 -32 0
-4 9 -23 0
16 21 33 0
-7 -10 29 0
2 23 -32 0
5 -18 21 0
3 -6 15 0
13 -15 36 0
-15 31 39 0
3 7 -29 0
-18 -24 25 0
10 34 -40 0
16 -20 27 0
-19 26 38 0
-4 8 12 0
-13 19 39 0
7 -29 36 0
-24 -29 -32 0
-21 -24 25 0
-6 22 30 0
9 17 35 0
-10 29 39 0
2 27 39 0
4 -10 27 0
-4 6 -12 0
-11 14 37 0
26 -30 -38 0
31 -34 -36 0
2 -12 -17 0
-17 -20 -28 0
-22 -33 35 0
2 -3 28 0
-7 25 -30 0
3 9 24 0
10 17 -37 0
26 -27 -32 0
-1 -7 -33 0
13 -19 -23 0
25 -36 -40 0
-9 -10 31 0
-21 30 34 0
-13 -34 -35 0
-6 -17 -35 0
2 -21 -39 0
12 -14 21 0
20 25 32 0
-19 27 -28 0
8 -15 19 0
15 -16 30 0
36 38 -40 0
-1 -10 -31 0
-9 -20 27 0
-11 -15 -36 0
-2 16 -25 0
-3 7 40 0
7 9 -32 0
-1 2 23 0
-1 -11 -35 0
1 -14 33 0
16 21 34 0
-21 23 39 0
11 15 21 0
-7 -11 -21 0
2 -29 -40 0
6 34 -39 0
-20 32 38 0
17 25 -37 0
-3 22 -24 0
18 -19 -36 0
-19 28 37 0
25 31 -32 0
-11 -14 -35 0
3 11 34 0
17 23 32 0
-11 -21 -28 0
-2 35 -39 0
-2 20 -28 0
7 -19 40 0
-1 -11 -27 0
15 16 -21 0
16 30 31 0
-7 33 38 0
-7 -32 34 0
18 23 -39 0
-9 -10 -34 0
-11 -20 38 0
11 25 -33 0
18 -19 -35 0
-10 -23 35 0
-1 15 -18 0
-5 -7 23 0
2 -7 -8 0
2 27 -36 0
29 -30 37 0
-23 32 33 0
2 10 24 0
-5 25 39 0
3 18 36 0
-22 -25 -38 0
-16 -33 38 0
-9 22 -36 0
5 -15 -34 0
-2 -22 26 0
19 -25 38 0
2 -18 -32 0
-13 23 38 0
-6 -10 -31 0
7 -10 -39 0
-8 14 -18 0
4 27 -34 0
-10 -12 26 0
2 -16 23 0
-17 -22 29 0
3 -4 19 0
7 -9 39 0
5 11 17 0
20 -39 40 0
6 29 37 0
5 12 -18 0
-4 11 27 0
-2 -9 24 0
3 -20 28 0
-14 30 38 0
-4 -13 31 0
-4 -7 40 0
9 20 39 0
-8 32 -35 0
